hs2	79120362	79123409	1
hs20	1561385	1620061	1
hs11	71998613	72007315	1
hs11	35431823	35530300	1
hs1	147629652	147670524	1
hs1	63774017	64181498	1
hs8	38163335	38176730	1
hs11	119415476	119424985	1
hs5	151661096	151686975	1
hs1	109309568	109397918	1
hs2	142877657	143055833	1
hs7	124743885	124765792	1
hs20	33273480	33309871	1
hs17	75941507	75979177	1
hs5	35852695	35879603	1
hs11	6612768	6619448	1
hs10	14819245	14838575	1
hs13	28300346	28495145	1
hs1	156641390	156659532	1
hs19	38878555	38899862	1
hs1	11691710	11725857	1
hs4	15778275	15853232	1
hs1	58776845	58784048	1
hs5	138252380	138274621	1
hs19	42580243	42595055	1
hs5	135570679	135579279	1
hs19	5842888	5851471	1
hs1	155289293	155301438	1
hs1	7915871	7943165	1
hs18	63476958	63505085	1
hs19	38770968	38773517	1
hs1	9943428	9985501	1
hs19	38244035	38292615	1
hs7	29920104	29990289	1
hs1	42162690	42164745	1
hs3	100260992	100325251	1
hs3	159988835	159996019	1
hs17	19737984	19748943	1
hs16	68737292	68835537	1
hs19	38789200	38791754	1
hs14	102922663	102933596	1
hs1	21217247	21345572	1
hs9	136975092	136981742	1
hs13	110712736	110723339	1
hs11	66345374	66347629	1
hs6	87085498	87095106	1
hs7	497258	520296	1
hs19	1177558	1228431	1
hs10	12165330	12196144	1
hs22	37830855	37849327	1
hs12	117208142	117452170	1
hs9	115019575	115118257	1
hs4	168092537	168187736	1
hs22	32801705	32863041	1
hs20	50510321	50585241	1
hsX	154010506	154019902	1
hs6	31815543	31817946	1
hs19	12825478	12835428	1
hs9	128340527	128361470	1
hs4	1289887	1340147	1
hs8	81280536	81284777	1
hs19	39731255	39738029	1
hs4	74036589	74038807	1
hs5	10249929	10266389	1
hs9	99979185	100099052	1
hs11	111540280	111561745	1
hs6	31639028	31652705	1
hs20	63696652	63698684	1
hs4	76001275	76007509	1
hs13	80335976	80341126	1
hs6	52896639	52909698	1
hs7	151341772	151378449	1
hs19	19211958	19252233	1
hs3	186635969	186653141	1
hs5	177483394	177497606	1
hs20	58651253	58679526	1
hs11	60971680	61020377	1
hs16	57610652	57665580	1
hs14	24136163	24138967	1
hs8	37762595	37779768	1
hs5	31193686	31329146	1
hs20	1894167	1940592	1
hs1	205828025	205850132	1
hs5	157026742	157069396	1
hs15	50424380	50514421	1
hs2	20200797	20225433	1
hs8	23841929	23854806	1
hs19	840999	848175	1
hs4	3503612	3532446	1
hs1	175315194	175743616	1
hs1	160485030	160523262	1
hs12	53191323	53207282	1
hsX	48890197	48903402	1
hs9	32455302	32526208	1
hs6	22287244	22302826	1
hs1	89106132	89150456	1
hs3	148791102	148860187	1
hs11	124752583	124762290	1
hs10	68988803	69043544	1
hs19	50723364	50725708	1
hs6	31575565	31578336	1
hs5	83077498	83353787	1
hs16	71358713	71390436	1
hs15	89784895	89815401	1
hs19	43646095	43670547	1
hs9	33104082	33167356	1
hs5	1801407	1816048	1
hs1	155255979	155262430	1
hs21	33903453	33915814	1
hs9	76419850	76651203	1
hs15	73683966	73714514	1
hs19	51225064	51243860	1
hs1	2555639	2565382	1
hs3	112596797	112649530	1
hs18	27932879	28177946	1
hs16	75218988	75226338	1
hs1	226360210	226408154	1
hs12	10158301	10172138	1
hs10	6427143	6580301	1
hs2	223596940	223602361	1
hs16	88638572	88640468	1
hs2	161136908	161236230	1
hs15	40844018	40858207	1
hs10	32887273	33005792	1
hs6	7726099	7881728	1
hs22	35380361	35394214	1
hs4	986997	1004564	1
hs2	111119378	111168445	1
hs11	112961247	113278436	1
hs6	13574227	13615158	1
hsX	1268800	1310381	1
hs16	2712419	2720551	1
hs22	17178790	17258235	1
hs11	125955796	126063335	1
hs11	10305073	10307397	1
hs19	49015980	49017091	1
hs11	72189558	72196323	1
hs18	31058840	31102522	1
hs19	18782773	18791305	1
hs22	39901084	39973721	1
hs4	54229280	54298245	1
hs4	76011184	76114048	1
hs8	90001405	90053633	1
hs3	183122215	183163839	1
hs8	133454848	133571940	1
hs19	54249421	54257301	1
hs7	95359872	95396375	1
hs19	54906148	54916140	1
hs22	24219654	24245108	1
hs6	112107931	112254939	1
hs12	5948877	6124770	1
hs17	45894527	46028334	1
hs10	119167720	119178812	1
hs2	135905881	135986100	1
hs2	74361154	74392087	1
hs18	31498177	31549008	1
hs17	7306999	7312463	1
hs8	94127162	94217303	1
hs5	136028988	136063818	1
hs17	79022814	79049788	1
hs19	17402939	17405630	1
hs12	6913745	6923698	1
hs3	139452884	139480747	1
hs16	88809339	88811937	1
hs16	57404767	57416063	1
hs9	36214441	36277042	1
hs1	209686178	209734949	1
hs10	97865000	98030828	1
hs8	81458253	81461579	1
hs11	72223701	72239147	1
hs5	160187367	160238735	1
hs12	47075707	47079959	1
hs1	160830160	160862887	1
hs8	16107878	16567490	1
hs8	63014881	63039407	1
hsX	1336616	1382689	1
hs11	14504874	14643635	1
hs18	32185069	32220404	1
hsX	47582408	47586789	1
hs15	81159575	81314058	1
hs1	178849535	178871077	1
hs17	43940804	43942476	1
hs1	155127876	155134899	1
hs15	45023147	45077185	1
hs1	155063737	155069553	1
hs7	100720468	100723700	1
hs1	85318481	85578363	1
hs17	39063313	39154394	1
hs11	73376399	73397474	1
hs6	136557046	136793097	1
hs19	38801671	38812945	1
hs8	7894677	7896716	1
hs1	28329002	28335965	1
hs1	174159410	174995308	1
hs17	44345246	44353106	1
hs13	20702127	20723098	1
hs7	143288215	143307696	1
hs22	50622754	50628173	1
hs11	120336413	120489937	1
hs20	45123425	45124465	1
hs20	62804835	62814000	1
hs10	50182778	50279720	1
hs17	36103827	36105621	1
hs19	48755524	48758333	1
hs1	22001657	22012542	1
hs9	125200542	125234161	1
hs19	44809071	44821421	1
hs2	179101678	179264832	1
hs2	102311529	102398777	1
hs19	41549518	41586844	1
hsX	147911919	147951125	1
hs1	150730079	150765957	1
hs12	2794970	2805423	1
hs3	196012511	196082153	1
hs9	128832942	128882494	1
hs11	64185272	64204543	1
hs19	41796587	41811554	1
hs12	57128483	57213361	1
hs14	20455191	20457772	1
hs6	157700387	157945077	1
hs1	157513377	157552515	1
hs12	6786858	6820799	1
hs12	5432108	5521536	1
hs8	66176376	66178464	1
hs2	182833275	182866637	1
hs3	50155045	50189075	1
hs11	119102198	119118544	1
hs1	204828651	205022822	1
hs19	51142299	51153526	1
hs1	24119771	24143140	1
hs2	86784610	86808396	1
hs16	29871159	29899550	1
hs18	316737	500722	1
hs6	43076307	43161719	1
hs11	128686535	128813267	1
hs21	42311667	42315409	1
hs6	32439878	32445046	1
hs22	37118666	37175118	1
hsX	139530739	139563459	1
hs19	5805067	5828324	1
hs4	7058895	7068064	1
hs12	7470811	7503893	1
hs6	109366514	109382467	1
hs4	73995642	73998677	1
hs2	229357629	229714555	1
hs1	109279556	109283186	1
hs1	1211326	1214153	1
hs9	133205277	133209250	1
hs19	54816468	54830778	1
hs4	121667946	121696995	1
hs16	30423615	30430030	1
hs2	84905656	84906671	1
hs3	184314495	184335358	1
hs4	87821398	87846814	1
hs11	72114869	72139892	1
hsX	129738949	129769536	1
hs12	4368227	4379712	1
hs5	150113839	150155872	1
hs21	31659666	31668931	1
hs22	37010859	37020183	1
hs4	73836640	73849064	1
hs4	119317250	119322138	1
hs2	79085023	79088019	1
hs6	31652416	31658210	1
hs22	37952607	38041915	1
hs1	157794403	157820120	1
hs2	97646062	97648383	1
hs17	74609885	74623738	1
hs16	1984193	1987749	1
hs2	102064544	102179874	1
hs10	26438341	26567803	1
hs16	28605196	28614279	1
hs19	51077495	51084245	1
hs2	70447284	70554193	1
hs21	45405165	45513720	1
hs4	70592256	70607288	1
hs2	79157003	79159753	1
hs19	6361531	6370242	1
hs2	55634061	55693863	1
hs7	26667068	26995239	1
hs22	49918167	49927540	1
hs17	34356480	34358610	1
hs1	160608106	160647044	1
hs7	16791811	16833433	1
hs8	70635318	70669185	1
hs11	102942995	102955732	1
hs6	35573585	35728583	1
hs20	38346482	38377013	1
hs1	153606886	153613145	1
hs3	155024124	155183704	1
hs9	33218365	33248567	1
hs6	31718594	31726714	1
hs9	5450503	5470566	1
hs11	117986370	118003037	1
hs5	76716126	76735770	1
hs19	41301587	41353922	1
hs11	99020949	100358885	1
hs3	53846568	53865794	1
hs1	15941869	15976132	1
hs9	84668375	85095751	1
hs17	74694311	74712978	1
hs11	694438	727727	1
hs9	36190856	36304781	1
hs17	43014607	43025123	1
hs8	21908873	21913690	1
hs17	45784280	45835828	1
hs6	137197483	137219449	1
hs5	76403285	76708132	1
hs7	150338317	150341662	1
hs10	44370165	44386493	1
hs6	47231532	47309905	1
hs20	34280268	34311802	1
hs6	31399784	31415315	1
hs5	43376645	43412391	1
hs8	94925972	94949378	1
hs4	6693878	6697170	1
hs15	63321378	63381846	1
hs5	127290796	127465737	1
hs14	92703807	92748679	1
hs17	49223366	49230787	1
hs2	108894471	108989372	1
hs5	140673035	140691537	1
hs19	44643798	44666162	1
hs1	112701127	112707434	1
hs2	105744912	105894274	1
hs1	94529173	94541759	1
hs22	28687743	28742422	1
hs1	108746674	108809523	1
hs17	43847148	43863639	1
hs4	156760454	156971799	1
hs11	73675638	73761137	1
hs2	111898607	112029561	1
hs11	33703010	33736479	1
hs8	38030534	38060365	1
hs7	131500262	131558217	1
hs16	27313668	27364778	1
hs16	69762328	69941741	1
hs1	103617427	103625780	1
hs1	157674321	157700769	1
hs19	10566460	10569059	1
hs6	30876421	30900156	1
hs13	40555667	40666641	1
hs11	1752752	1764573	1
hs12	111405923	111451623	1
hs20	13221274	13300651	1
hs9	38406528	38424454	1
hs11	74696429	74731426	1
hs19	49869033	49878459	1
hs22	17084954	17115693	1
hs19	35154730	35169881	1
hs22	24594811	24629005	1
hs14	94462717	94479689	1
hs8	23190452	23225102	1
hs11	67583742	67586656	1
hs15	88459477	88467390	1
hs19	39125770	39182816	1
hs1	169722640	169764705	1
hs1	158289923	158294774	1
hs18	74534500	74587212	1
hs14	65410592	65744121	1
hs9	135561756	135566955	1
hs4	184627696	184650062	1
hs6	2887270	2903309	1
hsX	66595637	66639298	1
hs4	173168811	173323967	1
hs4	141636583	141733987	1
hs10	116056925	116276803	1
hs9	92412380	92424471	1
hs17	4785285	4786433	1
hs4	15703065	15738313	1
hs7	128241278	128257629	1
hs3	46574534	46582457	1
hs11	102711796	102727050	1
hs1	154405193	154469450	1
hs17	30248203	30292056	1
hs1	85580761	85584589	1
hs14	94487274	94517844	1
hs6	52791371	52803860	1
hs17	34319435	34321402	1
hs3	127689062	128052190	1
hs4	7192538	7742836	1
hsX	153764196	153779346	1
hs16	31131433	31135727	1
hs15	93035271	93089211	1
hs14	105472962	105480162	1
hs17	45148475	45152099	1
hs16	66934444	66945096	1
hs9	127815013	127854658	1
hs19	29698937	29715789	1
hs6	43770184	43786487	1
hs19	4838341	4867694	1
hs7	16859412	16881987	1
hs5	79991311	80083287	1
hs9	92383268	92404696	1
hs15	68296532	68432163	1
hs4	1712858	1745171	1
hs13	28003274	28100592	1
hs2	69644425	69827112	1
hs19	14514769	14560391	1
hs1	203178931	203186704	1
hs16	46955362	46973674	1
hs22	35606764	35637951	1
hs1	15438442	15449242	1
hs21	25639258	25717562	1
hs20	7882985	7940458	1
hs11	46332905	46380554	1
hs5	157085422	157142869	1
hs7	150824627	150861504	1
hs1	154924740	154936719	1
hs11	46677080	46700619	1
hs2	171999943	172082430	1
hs1	161623196	161631963	1
hs10	86958599	86963258	1
hs12	68842197	68971570	1
hs11	20669551	21575686	1
hs13	98445185	98577940	1
hs19	54040825	54063953	1
hs21	33403413	33479348	1
hs1	169588849	169630193	1
hs19	13906201	13930879	1
hs4	15935577	15938740	1
hs1	8861000	8879190	1
hs2	102187006	102240002	1
hs19	10391133	10420121	1
hs11	82822936	82970584	1
hs21	43772511	43776330	1
hs3	74262568	74614659	1
hs12	91140484	91183217	1
hs17	43753738	43758791	1
hs13	108251240	108308484	1
hs3	187217282	187291980	1
hs16	14833721	14896157	1
hs14	38254000	38256093	1
hs6	37630679	37699306	1
hs9	1980290	2193624	1
hs2	118942194	118994660	1
hs7	106248298	106285966	1
hs21	44215382	44241446	1
hs19	40447765	40465764	1
hs17	47117703	47189422	1
hs21	42362282	42366535	1
hs17	80466834	80477843	1
hs1	153543613	153550136	1
hs1	156893698	156916429	1
hs11	117314557	117413266	1
hs18	721588	812546	1
hs14	85530144	85654428	1
hs6	31572054	31574324	1
hs12	52948871	52952906	1
hs8	17246931	17302427	1
hs6	32180968	32184322	1
hs6	159969082	160113507	1
hs4	145481194	145559176	1
hs4	39406930	39451533	1
hs1	180972712	181023121	1
hs1	206928522	206946466	1
hs9	130713016	130887675	1
hs1	160091340	160098943	1
hs1	246566444	246668595	1
hs2	24049701	24063681	1
hs19	46019153	46023053	1
hs1	227918656	227947932	1
hs18	7566782	8406861	1
hs19	41219223	41261766	1
hs15	74890005	74902219	1
hs22	26169462	26383597	1
hs3	51968510	51983409	1
hs8	85220587	85284073	1
hs7	105110704	105399308	1
hs7	45888360	45893660	1
hs1	231363751	231422287	1
hs7	130266863	130289798	1
hs19	5158495	5340812	1
hs3	49468713	49535618	1
hs6	31494881	31511124	1
hs2	238060924	238099413	1
hs20	44584896	44652252	1
hs8	22367278	22434129	1
hs1	37713880	37765133	1
hs1	23845077	23868290	1
hs19	43353686	43363172	1
hs1	159800511	159816257	1
hs8	85373436	85449040	1
hsX	49113407	49123735	1
hs7	135926760	135977359	1
hs9	133414358	133459402	1
hs17	35996440	36001553	1
hs6	158765741	158819368	1
hs19	50958631	50969673	1
hs12	65050626	65121305	1
hs16	55509072	55586666	1
hs11	14966668	14972351	1
hs21	20998409	21543329	1
hs3	17157162	18444817	1
hs1	17308195	17364004	1
hs1	243488233	243851079	1
hs5	38845858	38945596	1
hs6	32041153	32115334	1
hs2	162170684	162245151	1
hs20	23875934	23879748	1
hs10	79555852	79560407	1
hs19	54094668	54102692	1
hs17	36088256	36090169	1
hs19	54874235	54891420	1
hs4	122826708	122898236	1
hs4	1166932	1208962	1
hs9	93121496	93134251	1
hs16	55802851	55833337	1
hs2	88122982	88128062	1
hs9	6215786	6257983	1
hs6	46704201	46735693	1
hs11	112143253	112164096	1
hs12	52514575	52520530	1
hs20	46118271	46129863	1
hs11	113687547	113706373	1
hs12	122207663	122227456	1
hs8	81656914	81686331	1
hs4	73740519	73743716	1
hs11	13962723	14268133	1
hs8	78675743	78805523	1
hs7	33014130	33062796	1
hs5	5140330	5320304	1
hs4	4267701	4290154	1
hs4	87975667	87983532	1
hs11	130448645	130476645	1
hs8	85463968	85481493	1
hs12	4307763	4360028	1
hs3	51385291	51389397	1
hs14	20891385	20892348	1
hs20	1442162	1473842	1
hs1	45510914	45542732	1
hs8	133191039	133231690	1
hs1	1751232	1780457	1
hs1	152032506	152047907	1
hs6	127118671	127199481	1
hs12	120322115	120327779	1
hs16	31180138	31191605	1
hs12	8637346	8662888	1
hs1	225486765	225653142	1
hs9	116153791	116402321	1
hs1	145719471	145739288	1
hs2	201182872	201229428	1
hs10	80150889	80205572	1
hs13	91398621	92873682	1
hs20	44714844	44728509	1
hs7	65960684	65982215	1
hs13	42562736	42608013	1
hs9	107283137	107332192	1
hs7	77310751	77416349	1
hs7	108147623	108456717	1
hs1	205042937	205078289	1
hs1	207453024	207489895	1
hs1	109910242	109930992	1
hs22	36800684	36819479	1
hs19	54643889	54670359	1
hs7	76389334	76409697	1
hs5	132541445	132556838	1
hs4	99123657	99157792	1
hs9	69035751	69079076	1
hs4	20728606	21948772	1
hs11	65538559	65558930	1
hs12	57604622	57609804	1
hs10	124461823	124617888	1
hs3	78597239	79767998	1
hs15	74409289	74433958	1
hs3	190514051	190659750	1
hs10	84194537	84219621	1
hs17	7074537	7080307	1
hs7	93130056	93148385	1
hs20	5911510	5925353	1
hs12	7729383	7751605	1
hs2	101991960	102028544	1
hs16	3065297	3082192	1
hs4	20251905	20620561	1
hs1	155050566	155062775	1
hs8	107249482	107498055	1
hs19	41708585	41730433	1
hs16	4371848	4383538	1
hs8	6977649	6980092	1
hs14	20684177	20698971	1
hs6	132743870	132763459	1
hs4	109912883	110013766	1
hs17	18327860	18363563	1
hs20	3071620	3072517	1
hs19	42866464	42879822	1
hs2	112829751	112836816	1
hsX	124227868	124373197	1
hs6	2948159	2972165	1
hs6	29657002	29672372	1
hs5	150401637	150412969	1
hs7	95404862	95435329	1
hsX	18989307	19122637	1
hs15	51681492	51721026	1
hs6	117560269	117602542	1
hs1	207880972	207911402	1
hsX	136648158	136660390	1
hs17	79730943	79742219	1
hs21	17513043	17593579	1
hs12	108621895	108633894	1
hs5	53480626	53487134	1
hs7	100602363	100608175	1
hs19	825097	832018	1
hs3	139935185	140577397	1
hs22	41922032	41926806	1
hs1	150809713	150876708	1
hs12	6328757	6342114	1
hs6	142147162	142224685	1
hs10	1018910	1025859	1
hs2	172427354	172506459	1
hs11	102789401	102798160	1
hs16	28984826	28990784	1
hs17	35983288	35987004	1
hs7	31052308	31111479	1
hs10	101061989	101068131	1
hs11	11956207	12009769	1
hs7	81699010	81770438	1
hs2	216632828	216664436	1
hs3	3066324	3126613	1
hs8	102204502	102238961	1
hs5	78777209	78986087	1
hs7	44044640	44069456	1
hs15	64155740	64163134	1
hs20	23079360	23086324	1
hs1	235131634	235328219	1
hs11	88265069	88359684	1
hs22	31281594	31292534	1
hs6	49692358	49713590	1
hs11	70203296	70207390	1
hs17	42851184	42858130	1
hs8	23020133	23069031	1
hs17	757097	782294	1
hs1	19596979	19658456	1
hs5	132673986	132682678	1
hsX	40579372	40606848	1
hs1	207034366	207081024	1
hs1	167529117	167553805	1
hs17	69414697	69553865	1
hs1	116574399	116667755	1
hs5	132656263	132661110	1
hs10	129467190	129770983	1
hs13	72708367	72727629	1
hs6	43225629	43229481	1
hs6	33794673	33804003	1
hs4	76033682	76041415	1
hs7	100802565	100827523	1
hs12	119667864	119681624	1
hs19	571277	583494	1
hs12	8455962	8478330	1
hs2	241849884	241858894	1
hs17	4733533	4739928	1
hs22	41244779	41286187	1
hs6	136999971	137045180	1
hs7	146116002	148420998	1
hs4	73869393	73871308	1
hs2	119366924	119372550	1
hs3	12153068	12158912	1
hs12	95473520	95515839	1
hs12	93677375	93894840	1
hs17	60149942	60170899	1
hs10	119207571	119459745	1
hs15	98648539	98964530	1
hs19	48637946	48646187	1
hs21	41304212	41357727	1
hs5	151742316	151772532	1
hs2	159803355	159904756	1
hs8	24950955	24956721	1
hs6	166922113	166957191	1
hs19	51012739	51020175	1
hs1	23743448	23762059	1
hs2	70830211	70835816	1
hs19	10271093	10286615	1
hsX	15494566	15607236	1
hs7	1567332	1571005	1
hs8	42174718	42207709	1
hs7	142855061	142871094	1
hs7	87934143	88202889	1
hs2	211375717	212538841	1
hs11	66563464	66568879	1
hs22	45671798	45845307	1
hs15	43593054	43604901	1
hs1	158831351	158849506	1
hs9	27109141	27230174	1
hs19	51410020	51417803	1
hs16	12659799	12803887	1
hs2	240435663	240468076	1
hs1	26900238	26946871	1
hs1	17066761	17119451	1
hs22	20859007	20891214	1
hsX	110673856	110795819	1
hs16	1240379	1242554	1
hs3	196763	409417	1
hs1	171635417	171652688	1
hs1	1020120	1056118	1
hs2	102418689	102452565	1
hs7	74199652	74229834	1
hs11	102770502	102780628	1
hs18	596988	650334	1
hs2	128236716	128318868	1
hs6	18128311	18155077	1
hs8	80967810	81112068	1
hs2	9403475	9423528	1
hs11	114059041	114256765	1
hs7	24284188	24291862	1
hs1	1434861	1442882	1
hs3	45082277	45146422	1
hs6	169215780	169254050	1
hs7	8433609	8752961	1
hs20	4780023	4823608	1
hs7	50458436	50565405	1
hs9	83968083	83980616	1
hs11	6390440	6394998	1
hs12	57529633	57547224	1
hs11	68683779	68691175	1
hs4	76158737	76234536	1
hs1	62597520	62606313	1
hs19	11574653	11579993	1
hs4	78551747	78610451	1
hs16	87881546	87936580	1
hs19	7739993	7747564	1
hs10	119651380	119677819	1
hs3	158645822	158672648	1
hs5	55935095	55995022	1
hs22	20917407	20953747	1
hs4	122451470	122456725	1
hsX	153861514	153886173	1
hs20	2794074	2800627	1
hs7	100367530	100400096	1
hs14	74498183	74612378	1
hs4	55078481	55125595	1
hs2	160099667	160200313	1
hs17	39687914	39730426	1
hs5	140631728	140633700	1
hs11	62405103	62423195	1
hs6	122789049	122809720	1
hs17	4932277	4935023	1
hs10	28677510	28682932	1
hs3	124761948	124901418	1
hs19	48968130	48993310	1
hs4	17460261	17512206	1
hs20	50190830	50192668	1
hs1	161070998	161089558	1
hs1	24154168	24187959	1
hs7	30938669	30993254	1
hs4	176683538	176792922	1
hs2	227805739	227817564	1
hs2	231921809	231926396	1
hs5	154190730	154420984	1
hs6	68635282	69390571	1
hs6	36676460	36687337	1
hs19	49061066	49065076	1
hs12	25004342	25108335	1
hs5	154038959	154220478	1
hs10	24848614	24952606	1
hs4	70655541	70681817	1
hs19	54273812	54281184	1
hs2	85685175	85698852	1
hs15	89664367	89679427	1
hs21	25880550	26171128	1
hs22	17734138	17774770	1
hs15	42491233	42545356	1
hs5	141853090	141879246	1
hs13	19633659	19673441	1
hs5	39105252	39274528	1
hsX	2691187	2741309	1
hs5	147824572	147831671	1
hs11	105025397	105035250	1
hs19	6661253	6670588	1
hs12	12974870	13000265	1
hs1	207752037	207795513	1
hs14	24606480	24609699	1
hs19	676392	683392	1
hs19	47819779	47843330	1
hs2	190343570	190371665	1
hsX	145817829	145829856	1
hs9	114060127	114078328	1
hs5	156919292	156963226	1
hs12	118136124	118145584	1
hs16	67482571	67483547	1
hs8	7414855	7416863	1
hs15	44288719	44415758	1
hs16	57428187	57447420	1
hs12	6772512	6778455	1
hs4	80266639	80336680	1
hs16	1795620	1827157	1
hs2	10120698	10211725	1
hs6	7881517	7910788	1
hs1	207321519	207386804	1
hs16	15865719	15888625	1
hs2	178431292	178451512	1
hs2	47345158	47387601	1
hs5	87267883	87391931	1
hs20	44966494	45080021	1
hs7	22725884	22732002	1
hs2	187464230	187565760	1
hs15	88803436	88875353	1
hs9	120600811	120714470	1
hs2	205681990	205798133	1
hs17	1646145	1649866	1
hs1	150257251	150265078	1
hs3	112332347	112362812	1
hs21	18269116	18485879	1
hs3	10115675	10127190	1
hs8	23102921	23117445	1
hs9	35673928	35681159	1
hs13	52652709	52700909	1
hs7	134442356	134459284	1
hs6	170282206	170306565	1
hs1	16124337	16156069	1
hs3	3799431	3849834	1
hs16	629239	634117	1
hs22	19941371	19969975	1
hs19	54617158	54638022	1
hs1	183554461	183590905	1
hs10	33177492	33336262	1
hs6	73695785	73828316	1
hs3	30606601	30694142	1
hs16	30896614	30903547	1
hs1	206770764	206842981	1
hs14	102592649	102730561	1
hs12	53500921	53506431	1
hs4	70195725	70204576	1
hs12	51906908	51923361	1
hs12	55725323	55729707	1
hs17	7173431	7179564	1
hs3	186930325	187078553	1
hs17	63928738	63932336	1
hs3	112921205	112975103	1
hs5	111070062	111078026	1
hs9	127087348	127122635	1
hs12	104215779	104350307	1
hs2	201233443	201361836	1
hs16	89171748	89195492	1
hs7	55019017	55211628	1
hs9	34709005	34710136	1
hs2	113099315	113134016	1
hs1	173477330	173488815	1
hs2	190055700	190062729	1
hs14	67294371	67360265	1
hs3	50299890	50312381	1
hs3	66378797	66501263	1
hs14	74941834	74955626	1
hs2	10302889	10427617	1
hs19	54497879	54510687	1
hs5	98768650	98798643	1
hs17	74541073	74546115	1
hs16	70579895	70660682	1
hs15	75023586	75117462	1
hs6	38675925	38703145	1
hs10	88935074	88991339	1
hs14	60245752	60299087	1
hs20	23626706	23638473	1
hsX	71301750	71305371	1
hs6	26365159	26378320	1
hs3	46877721	46903799	1
hs11	122838500	122872643	1
hs18	79395856	79529325	1
hs9	135932969	135961373	1
hs8	81478419	81483236	1
hs15	74100311	74138540	1
hs4	17577198	17607972	1
hs1	103553815	103579534	1
hs17	43766125	43778977	1
hs1	52927276	53051698	1
hs11	72216601	72221950	1
hs13	113820549	113864076	1
hs2	85394753	85418432	1
hs1	117143587	117210960	1
hs5	37812677	37840041	1
hs7	121348878	121396364	1
hsX	120426148	120469365	1
hs5	83940554	84384880	1
hs10	88953813	89029605	1
hs1	207088860	207099993	1
hsX	152826994	152830757	1
hs2	232378724	232382889	1
hs6	166999317	167094789	1
hs1	116514534	116571039	1
hs2	27098889	27119128	1
hs22	50274979	50307646	1
hs7	8113184	8262687	1
hs12	53097436	53102345	1
hs1	153373711	153375621	1
hs15	40405485	40435947	1
hs3	172505508	172523475	1
hs12	10116777	10130258	1
hs2	55865967	55924139	1
hs1	12166991	12209228	1
hs5	140332843	140346603	1
hs8	90058608	90095475	1
hs1	115285904	115338770	1
hs17	48133442	48430275	1
hs1	157745733	157777132	1
hs1	203475806	203491352	1
hs5	148025683	148137382	1
hsX	51803007	51902354	1
hs16	57358783	57366189	1
hs22	20424584	20437826	1
hs1	152409243	152414263	1
hs9	136658856	136672678	1
hs17	7558292	7561608	1
hs22	38818452	38844028	1
hs4	101411286	102074812	1
hs11	4384897	4393702	1
hs4	75913660	75941013	1
hs11	102862736	102874982	1
hs10	46033307	46048180	1
hs1	160739057	160754821	1
hs5	136975298	137598379	1
hs1	28236109	28246906	1
hs19	18391137	18397622	1
hs4	74365145	74388749	1
hs2	68974573	68980980	1
hs19	18572220	18607741	1
hs1	168695468	168729206	1
hs1	115029826	115034302	1
hs15	88898683	88913468	1
hs3	158696892	158732489	1
hs19	10286955	10288522	1
hs1	7954291	7985505	1
hs7	142760398	142774564	1
hs4	74445136	74455005	1
hs7	128862856	128865847	1
hs19	6583183	6604103	1
hs8	85327608	85379014	1
hs17	508503	721717	1
hs12	3606633	3764819	1
hs5	95751319	95822726	1
hs9	34329506	34343711	1
hs1	112911847	112957593	1
hs7	49773638	49921950	1
hs18	63970029	64019779	1
hs15	87859751	88256791	1
hs16	57372477	57385044	1
hs17	81035122	81117434	1
hs16	8852942	8869012	1
hs19	11089462	11133820	1
hs16	287440	352723	1
hs12	56202179	56221933	1
hs9	15464066	15510995	1
hs17	78991716	79009867	1
hs1	186828949	186988981	1
hs6	85449584	85495791	1
hs4	74744759	74794523	1
hs16	4474690	4510347	1
hs17	77280569	77500596	1
hs19	44846175	44889223	1
hs11	74171267	74254703	1
hs1	235975830	236065109	1
hs4	75724577	75814286	1
hs5	173314723	173328447	1
hs17	44903159	44916937	1
hs5	271621	314974	1
hs14	52004809	52069059	1
hs10	73909177	73917496	1
hs11	66593153	66606019	1
hs2	31867809	32039805	1
hs1	119794017	119811580	1
hs12	106237881	106304279	1
hs5	180233143	180292099	1
hs8	109539711	109570072	1
hs12	68154768	68159740	1
hs12	56309842	56316119	1
hs11	5663195	5938619	1
hs17	9250471	9576591	1
hs7	76302673	76304295	1
hs5	159314780	159330863	1
hs9	137039463	137046179	1
hsX	153494980	153509546	1
hs7	101239458	101252316	1
hs1	43300982	43323108	1
hs6	159669069	159762529	1
hs17	81843159	81860856	1
hs1	248739415	248755759	1
hs19	7669049	7670455	1
hs17	42950526	42964498	1
hs1	11189355	11195981	1
hs4	54657267	54740783	1
hs11	119308529	119321521	1
hs7	93885396	93890753	1
hs12	103930107	103953931	1
hs6	110099819	110180004	1
hs6	149942014	149949235	1
hs6	168441151	168673445	1
hs16	68084751	68229259	1
hs1	22635077	22639678	1
hs12	10226058	10329608	1
hs16	67389809	67393518	1
hs8	63168553	63212786	1
hs19	35855861	35867136	1
hs11	123069872	123195248	1
hs11	102347211	102378670	1
hs19	4229523	4237528	1
hs11	59829273	59845499	1
hs5	54977867	55022671	1
hs9	137110546	137115177	1
hs6	30489509	30494194	1
hs10	6010689	6062370	1
hs19	47870467	47886315	1
hs1	8945867	8975092	1
hs1	149923317	149927803	1
hs22	23179704	23318037	1
hs2	186590010	186680901	1
hs12	103988987	104064183	1
hs19	55151767	55157773	1
hs19	10333776	10339661	1
hs20	3686970	3712600	1
hs13	110148963	110307157	1
hs20	45174902	45176544	1
hs1	58575433	58577252	1
hs6	31115087	31120446	1
hs13	26557683	26688948	1
hs16	66366622	66404784	1
hs17	81683326	81703138	1
hs1	11857464	11858945	1
hs6	35794982	35797344	1
hs6	154154496	154356803	1
hs16	68245304	68261058	1
hs12	7115736	7128889	1
hsX	2752040	2816500	1
hs1	203494153	203508949	1
hs22	50525752	50530032	1
hs14	76761468	76783015	1
hs1	65420652	65641559	1
hs9	5510531	5571282	1
hs22	48489553	48850912	1
hs1	203212827	203273641	1
hs19	2785503	2815807	1
hs11	130404923	130428609	1
hs9	34661880	34664048	1
hs3	4303332	4317265	1
hs22	30240453	30246759	1
hs19	50906351	50911395	1
hs7	23235967	23275108	1
hs2	36355778	36551135	1
hs20	45325288	45348424	1
hs3	128462437	128466968	1
hs4	155921580	155953912	1
hs2	161992245	162074394	1
hs17	42199176	42288633	1
hs2	27781379	27890681	1
hs6	44258166	44265788	1
hs2	74834127	74893359	1
hs17	34285742	34288334	1
hs7	141927357	141947007	1
hs21	29194071	29630751	1
hs2	74529596	74533350	1
hs5	76953045	76981158	1
hs15	73560014	73634134	1
hs17	35871491	35880793	1
hs17	36013056	36017972	1
hs19	51022216	51028039	1
hs1	46175073	46185962	1
hs19	50996007	51002711	1
hs11	46380756	46383837	1
hs17	3860315	3894891	1
hs19	54572920	54590287	1
hs3	184371935	184381968	1
hs1	31576485	31587686	1
hs1	43525187	43623666	1
hs17	64319415	64413776	1
hs19	8052318	8062660	1
hs19	14380501	14408725	1
hs1	161100556	161118055	1
hs1	110451149	110457358	1
hs6	116571409	116597675	1
hs1	206767602	206774541	1
hs1	151770107	151791416	1
hs19	10289952	10296778	1
hs19	18899514	18919387	1
hs6	52236681	52245689	1
hs4	165361194	165498547	1
hs7	150991017	151014588	1
hs12	6375045	6391571	1
hs1	19975431	19980416	1
hs14	100725705	100738224	1
hs11	124633113	124695707	1
hs12	120443964	120446384	1
hs20	45469753	45481532	1
hs14	73958010	74019399	1
hs12	9594551	9607916	1
hs17	31272013	31297539	1
hs7	132123340	132648688	1
hs6	43477523	43506556	1
hsX	15345596	15384413	1
hs17	50834650	50842353	1
hs11	69653076	69675416	1
hs1	159826811	159837492	1
hs8	118923557	118951885	1
hs19	45467995	45475179	1
hs12	120210439	120265771	1
hs19	48954815	48961798	1
hs7	56064002	56080670	1
hs9	87724051	87731469	1
hs7	45912245	45921874	1
hs9	112040783	112175297	1
hsX	66021738	66040125	1
hs19	54351384	54370558	1
hs14	24143362	24147570	1
hs20	58985686	59008238	1
hs2	114442299	115845780	1
hs12	8509475	8522366	1
hs1	10456522	10472529	1
hs19	51517819	51531856	1
hs3	157436850	157443633	1
hs2	37342827	37373322	1
hs19	5865826	5870540	1
hs19	42428278	42442946	1
hs1	35720218	35769978	1
hs2	212999691	213152427	1
hs3	52794768	52809009	1
hs8	142784882	142786539	1
hs15	90883695	90895776	1
hs2	175072250	175168382	1
hs2	169791933	169812064	1
hs2	106093308	106194301	1
hs3	51983340	51989197	1
hs2	237324003	237414328	1
hs20	3846799	3876123	1
hs1	206897443	206904139	1
hs8	73991392	74029079	1
hs17	1633858	1645744	1
hsX	154541199	154565046	1
hs7	157539056	158587823	1
hs16	31032889	31042975	1
hs18	31376777	31414912	1
hs7	75769533	75789896	1
hs17	36064272	36072032	1
hs2	162142882	162152404	1
hs19	43460787	43465608	1
hs19	6375148	6379058	1
hs20	46008908	46016561	1
hs1	225401502	225428925	1
hs5	134874371	134901635	1
hs10	68282660	68333049	1
hs3	59747277	61251459	1
hs20	55997357	56005519	1
hs2	132643286	132671579	1
hs6	31615217	31617021	1
hs6	41189749	41201149	1
hs7	100119634	100125508	1
hs21	42346357	42350997	1
hs10	52314281	52318042	1
hs19	42507304	42561234	1
hs17	14301081	14349404	1
hs21	44885953	44931989	1
hs2	127418427	127429242	1
hs5	102753981	103029730	1
hs19	8848844	8981342	1
hs19	18058995	18098944	1
hs8	19901717	19967259	1
hs17	68511780	68551319	1
hs1	27612064	27635185	1
hs13	45333471	45341284	1
hs19	51029092	51035230	1
hs6	31897785	31945673	1
hs8	119557086	119673453	1
hs14	100333790	100376805	1
hs7	153887097	154894285	1
hs1	156742109	156766925	1
hs17	66212033	66256525	1
hs10	17228241	17237593	1
hs14	94442464	94452800	1
hs3	38103129	38137242	1
hs12	12326056	12350242	1
hs6	52186375	52190638	1
hs19	38647649	38731589	1
hs15	55611544	55743152	1
hs1	167052836	167166479	1
hs9	137048107	137054061	1
hs22	37608725	37633564	1
hs6	131470832	131584332	1
hs1	225936598	225941383	1
hs19	3185563	3209575	1
hs3	133824235	133895882	1
hs6	26457904	26476621	1
hs19	18374731	18389176	1
hs4	77511753	77611834	1
hs10	79937467	79982614	1
hs12	121888732	121918297	1
hs18	31447741	31478702	1
hs19	7728957	7733906	1
hs2	240868824	240880502	1
hs7	137227341	137343774	1
hs3	105366909	105576900	1
hs6	14117256	14136918	1
hs4	98995659	99062809	1
hs5	75356345	75512138	1
hs19	8363289	8374370	1
hsX	79360384	79367667	1
hs12	43758944	43798307	1
hs6	70216040	70303084	1
hs16	68636189	68727468	1
hs1	168576605	168582069	1
hs22	39223359	39244982	1
hs1	9728926	9823984	1
hs1	43933320	43937240	1
hs12	53708517	53727745	1
hs8	133237175	133302022	1
hs12	44508275	44921848	1
hs2	102311502	102352037	1
hs8	10054292	10428891	1
hs3	10285666	10292947	1
hs6	2832332	2841959	1
hs11	64318121	64321811	1
hs9	134880810	134887523	1
hs3	128064778	128153914	1
hs12	9985642	10013424	1
hs3	124905442	124953819	1
hs1	161505430	161524013	1
hs22	23894383	23895227	1
hs9	130172404	130237303	1
hs2	165747588	165794659	1
hs8	97868840	98036724	1
hs1	160678746	160711831	1
hs17	7661779	7687538	1
hs13	85792790	85806683	1
hs3	32996609	33097202	1
hs10	133262420	133276868	1
hs1	206865623	206869223	1
hs1	160541095	160579516	1
hs19	36114289	36125947	1
hs11	119044188	119057227	1
hs1	32179675	32198285	1
hs5	55102646	55110252	1
hs5	65883128	66082546	1
hs19	54738513	54753052	1
hs8	11842524	11869533	1
hs19	51630101	51645545	1
hs12	56076799	56103505	1
hs4	94298535	94342876	1
hs19	50819146	50823787	1
hs1	160796074	160828261	1
hs6	41158506	41163186	1
hs19	35319261	35347361	1
hs2	206443532	206621127	1
hs1	91680343	91906335	1
hs8	27869883	27992673	1
hs3	98795941	98901695	1
hs4	73431138	73456174	1
hs1	100719742	100739045	1
hs16	3018445	3022383	1
hs5	180601506	180649624	1
hs17	45221444	45247319	1
hs15	90868588	90883564	1
hs21	33266367	33311420	1
hs14	95686426	95692628	1
hs7	130380339	130388114	1
hs8	89924515	90003228	1
hs6	131948176	131951372	1
hs10	87862638	87971930	1
hs1	161721544	161728143	1
hs1	236518000	236552981	1
hs12	51281038	51324668	1
hs12	109573255	109598125	1
hs16	31527900	31528803	1
hs9	128149071	128153453	1
hs5	147870682	147882191	1
hs11	61102489	61127852	1
hs20	38127385	38166578	1
hs7	143390289	143408856	1
hs12	124776856	124882668	1
hs8	93857807	93926068	1
hs3	113211003	113287459	1
hs17	64449037	64468643	1
hs4	186068911	186088073	1
hs14	95709947	95714196	1
hs7	142941114	142962363	1
hs12	8123617	8138607	1
hs12	54395261	54419266	1
hs7	116672196	116798377	1
hs10	99875577	100009947	1
hs11	1850904	1892267	1
hs19	49877666	49888750	1
hs8	41261962	41309473	1
hs17	7548508	7557890	1
hs16	31259967	31332892	1
hs22	30262829	30266851	1
hs2	203706475	203738912	1
hs11	61792911	61797238	1
hsX	46837043	46882358	1
hs12	56230049	56237846	1
hsX	130124666	130165879	1
hs15	78921058	78949574	1
hs14	53949736	53958761	1
hs8	30156319	30183639	1
hs3	195514428	195543386	1
hs9	89360787	89498130	1
hs5	148202794	148215137	1
hs2	137964020	138016364	1
hs7	28995235	29195451	1
hs10	116620953	116645143	1
hs12	96000753	96043520	1
hs2	96859718	96870757	1
hs19	51124906	51136651	1
hs17	40015361	40017813	1
hs3	127629185	127672802	1
hs4	87473335	87531061	1
hs3	2098813	3057959	1
hs17	63880215	63881944	1
hs15	45092650	45114172	1
hs1	21822244	21937310	1
hs20	45898621	45912155	1
hs12	6444955	6451718	1
hs8	6499632	6563409	1
hs19	49474207	49486231	1
hs17	35976493	35981497	1
hs10	47322454	47327588	1
hs1	12063303	12144207	1
hs5	83471618	83582303	1
hs5	39371675	39462300	1
hs8	55879835	56014169	1
hs12	9752486	9760901	1
hs12	79773563	79935460	1
hs1	182641816	182684587	1
hs16	28499362	28512051	1
hs15	40035690	40039181	1
hs11	616577	626078	1
hs16	20309574	20327808	1
hs8	21690398	21812357	1
hs10	5943639	5978187	1
hsX	150766336	150898816	1
hs13	113105788	113120685	1
hs2	73828916	73873659	1
hs17	63917200	63918839	1
hs8	119416446	119424434	1
hs4	99816827	99870190	1
hs10	79610939	79615455	1
hs6	42744498	42746103	1
hs15	41557675	41583589	1
hs1	89181144	89198942	1
hs10	121478332	121598458	1
hs16	1770320	1771561	1
hs10	71747556	71773520	1
hs6	47477789	47627263	1
hs1	161663143	161678654	1
hs2	27130756	27134666	1
hs1	204154819	204190324	1
hs7	101127104	101139247	1
hs17	18087892	18107970	1
hs16	760734	768865	1
hs20	37903111	37945350	1
hs22	24181487	24189106	1
hs9	136881912	136926607	1
hs19	51055626	51065114	1
hs10	5195462	5218949	1
hs15	80946289	80989828	1
hsX	48676596	48691431	1
hsX	149476988	149521096	1
hs14	69854131	70032366	1
hs14	65006174	65102695	1
hs17	16929816	16972118	1
hs17	41582279	41586895	1
hs2	46901870	46941855	1
hs11	102835801	102843609	1
hs19	32581190	32587453	1
hs11	102520508	102530750	1
hs19	39296407	39298673	1
hs19	54307070	54313166	1
hs7	1815793	2233243	1
hs16	66961245	66975149	1
hs18	45825675	45844094	1
hs1	55039447	55064852	1
hs16	180459	181179	1
hs14	55124110	55145423	1
hs20	37344685	37406050	1
hs7	74289407	74405935	1
hs11	119084866	119093834	1
hs6	25652201	25701783	1
hs17	40443450	40457725	1
hs19	49361783	49375116	1
hs22	37675636	37679802	1
hs14	24630954	24634267	1
hs10	43077064	43130351	1
hs2	68178857	68256237	1
hs1	160995211	161021343	1
hs9	34689570	34691276	1
hs6	46159185	46170980	1
hs16	56361452	56425545	1
hs19	17075777	17214537	1
hs22	30607003	30627271	1
hs19	35754566	35758079	1
hs6	16238587	16295549	1
hs19	55013705	55038264	1
hs17	58269855	58280935	1
hs5	176542511	176595974	1
hs6	149818757	149864359	1
hs17	74670578	74747335	1
hs2	112773925	112784493	1
hs16	14672548	14694308	1
hs12	57434784	57452062	1
hs2	238170402	238203708	1
hs2	159768628	159798255	1
hs19	40771648	40777490	1
hs20	24949269	24959928	1
hs17	82035136	82037709	1
hs12	6946468	6961316	1
hs14	50418501	50561126	1
hs16	30182827	30189076	1
hs2	53767804	53775196	1
hs18	62325287	62391288	1
hs10	96593315	96720514	1
hs8	42374063	42377229	1
hs16	67987394	68000586	1
hs19	14732392	14778560	1
hs12	40692439	41072415	1
hs2	70209444	70248660	1
hs12	53006282	53042215	1
hs2	68679601	68826833	1
hs20	23045633	23049672	1
hs16	67674531	67719339	1
hs7	75810825	75823356	1
hs19	55364382	55370463	1
hs5	119268692	119399688	1
hs17	50133737	50150677	1
hs17	58218548	58268518	1
hs16	89613308	89638456	1
hs9	72900671	73080442	1
hs3	121631399	121660927	1
hs15	43692886	43699222	1
hs5	38474668	38608354	1
hs9	35649295	35650931	1
hs12	88492793	88580851	1
hs5	171387116	171411810	1
hs9	136494433	136546048	1
hs2	85584431	85593406	1
hs9	97029677	97156556	1
hs8	6996766	6999198	1
hs17	50184101	50201632	1
hs20	25195693	25228075	1
hs8	27490781	27545564	1
hs4	57030773	57110385	1
hs17	64002594	64020634	1
hs11	17208153	17349980	1
hs17	41523617	41528308	1
hs2	19992052	20012668	1
hs12	10069554	10111627	1
hs13	23570370	23676104	1
hs9	127866486	127877675	1
hs19	35867899	35879792	1
hs3	75906695	77649964	1
hs19	15159038	15200995	1
hs4	76021118	76023497	1
hs2	99161427	99181058	1
hs5	136132845	136188747	1
hs1	230057990	230282122	1
hsX	108091668	108154671	1
hs7	100352176	100367831	1
hs2	130592165	130599575	1
hs11	112226367	112269955	1
hs22	20241415	20283246	1
hs5	139387467	139390081	1
hs6	108559835	108684774	1
hs1	26234200	26278808	1
hs11	69698238	69704022	1
hs2	178463664	178478600	1
hsX	118727133	118794535	1
hs17	34270221	34272242	1
hs13	57631744	57729311	1
hs17	34255274	34257208	1
hs17	27629798	27649560	1
hs1	172659103	172666876	1
hs19	55488404	55519099	1
hs16	20333051	20356301	1
hs19	7688758	7702146	1
hs11	66012008	66013505	1
hs9	94603133	94640249	1
hsX	9463320	9741037	1
hs16	89640816	89657738	1
hs1	37611350	37634892	1
